2
3
 
 
網址：https://www.continental-holdings.com/zh
電
 
4
5
7
8
9
10
11
12
13
14
15
16
17
呼應永續發展目標 SDGs
19
20
https://www.continental-holdings.com/zh/
investor-relations/corporate-governance/board-of-directors/
21
22
23
24
25
26
27
28
29
30
呼應永續發展目標 SDGs
31
32
33
34
35
36
37
38
39
40
41
42
43
44
呼應永續發展目標 SDGs
46
47
48
49
50
2020 年大陸工程自行研發「主動式警告裝置：危害告知器」，並配置於作
業場所的入口、設施與設備的特定區域，當勞工接近或經過時，告知器因應不同
狀況，如禁入區、高風險作業區域，發布不同的危害告知語音，目前已完成 11
種情境的危害告知語音，滿足即時警示危害行為與宣導應遵守之安衛規定的功
用，讓勞工更能提高警覺以注意自身安全。
告知器的特色在於應用超音波感應，使用者可依現場環境與需求調整設備的
感應距離，避免感應器在不必要的干擾下，一再觸發而造成作業環境勞工的困擾。
此外，告知器預先設計 Wi-Fi 功能，當處於 Wi-Fi 環境之中，告知器若被觸發，將
立即自動傳送訊息予管理者，以便立即進行管理作為。
「主動式警告裝置：危害告知器」參選臺北市勞工局「2020 年度勞動安全
獎」，獲得「工安創意獎」之肯定。
51
52
53
54
55
56
57
58
59
60
61
62
63
呼應永續發展目標 SDGs
65
66
67
68
69
70
71
72
73
74
75
76
77
呼應永續發展目標 SDGs
79
80
81
82
83
84
85
86
87
88
89
90
91
92
93

